311 208
317 203
223 155
296 209
349 o grafo tem menos kmers que a sequencia
265 163
237 156
211 147
283 194
295 196
287 205
351 242
175 128
327 220
147 96
333 o grafo tem menos kmers que a sequencia
160 113
306 201
179 133
295 201
284 191
291 205
229 161
338 222
132 92
245 166
129 87
301 210
148 96
282 201
457 o grafo tem menos kmers que a sequencia
129 81
260 190
168 120
74 49
308 o grafo tem menos kmers que a sequencia
354 234
262 180
291 188
154 101
252 179
212 146
433 286
414 278
286 193
277 196
385 o grafo tem menos kmers que a sequencia
408 295
221 154
114 71
295 211
286 197
255 167
363 255
377 261
177 117
214 141
193 145
281 185
108 67
369 242
292 195
202 140
273 192
259 172
267 174
324 231
409 285
230 153
318 227
242 173
167 110
139 104
283 197
84 50
150 110
273 181
253 168
306 191
369 253
172 127
297 201
298 207
534 363
159 111
304 214
493 350
402 280
381 280
267 185
251 156
193 123
314 209
206 129
193 131
521 348
173 o grafo tem menos kmers que a sequencia
291 188
184 127
310 219
